332 171 1633.527161
333 172 1633.527161
334 173 1633.527161
334 174 1633.72716
335 175 1633.72716
336 176 1633.72716
336 177 1633.72716
336 178 1633.72716
336 179 1633.72716
336 180 1633.72716
336 181 1633.72716
336 182 1633.72716
336 183 1633.72716
337 184 1633.72716
337 185 1633.72716
337 186 1633.72716
337 187 1633.72716
338 188 1633.92716
339 189 1634.127161
340 190 1634.327161
341 191 1634.527161
342 192 1634.72716
343 193 1634.92716
344 194 1635.127161
344 195 1635.127161
345 196 1635.327161
345 197 1635.327161
346 198 1635.527161
347 199 1635.72716
347 200 1635.92716
347 201 1636.127161
347 202 1636.327161
347 203 1636.527161
348 204 1636.72716
348 205 1636.92716
349 206 1637.127161
349 207 1637.327161
350 208 1637.527161
351 209 1637.72716
352 210 1637.927161
352 211 1638.127161
353 212 1638.327161
353 213 1638.327161
353 214 1638.327161
353 215 1638.327161
353 216 1638.527161
354 217 1638.927161
354 218 1639.127161
354 219 1639.527161
354 220 1639.72716
354 221 1639.927161
354 222 1640.127161
354 223 1640.327161
354 224 1640.327161
354 225 1640.327161
354 226 1640.327161
354 227 1640.327161
355 228 1640.527161
356 229 1640.927161
357 230 1641.327161
358 231 1641.72716
359 232 1642.127161
360 233 1642.327161
361 234 1642.927161
362 235 1643.327161
363 236 1643.727161
363 237 1643.927161
363 238 1644.127161
363 239 1644.527161
363 240 1644.927161
363 241 1645.327161
363 242 1645.727161
363 243 1646.127161
363 244 1646.527161
363 245 1646.927161
363 246 1647.327161
363 247 1647.727161
363 248 1648.127161
364 249 1648.927161
365 250 1649.727161
365 251 1650.127161
365 252 1650.72716
365 253 1651.127161
365 254 1651.527161
365 255 1652.127161
365 256 1652.527161
365 257 1652.927161
365 258 1653.327161
365 259 1653.72716
366 260 1654.527161
366 261 1654.92716
367 262 1655.92716
367 263 1656.327161
368 264 1657.327161
369 265 1658.127161
370 266 1658.72716
371 267 1659.527161
372 268 1660.327161
373 269 1661.127161
374 270 1661.72716
375 271 1662.527161
376 272 1663.32716
376 273 1663.527161
377 274 1664.32716
378 275 1665.32716
379 276 1666.32716
380 277 1667.32716
381 278 1668.127161
382 279 1669.127161
383 280 1669.92716
384 281 1670.727161
385 282 1671.727161
386 283 1672.32716
387 284 1672.92716
388 285 1673.92716
389 286 1674.727161
390 287 1675.32716
391 288 1675.92716
392 289 1676.727161
393 290 1677.727161
394 291 1678.527161
395 292 1679.32716
395 293 1679.727161
396 294 1680.527161
397 295 1681.32716
397 296 1681.927162
397 297 1682.527161
398 298 1683.32716
398 299 1683.727161
398 300 1684.127159
399 301 1684.927162
400 302 1685.32716
401 303 1685.727161
402 304 1685.927162
403 305 1685.927162
404 306 1685.927162
405 307 1685.927162
406 308 1685.927162
407 309 1685.727161
408 310 1685.727161
409 311 1685.727161
410 312 1685.527161
411 313 1685.527161
412 314 1685.32716
413 315 1685.32716
414 316 1684.927162
415 317 1684.527161
416 318 1684.127159
417 319 1683.527161
418 320 1683.927162
419 321 1684.527161
420 322 1684.727161
421 323 1684.32716
422 324 1683.727161
423 325 1683.527161
423 326 1684.127159
424 327 1685.127159
425 328 1686.127159
425 329 1686.527161
426 330 1687.727161
427 331 1688.727161
428 332 1689.32716
429 333 1689.727161
430 334 1689.927162
431 335 1690.527161
432 336 1690.927162
433 337 1691.127159
434 338 1691.32716
435 339 1691.527161
436 340 1691.527161
437 341 1691.527161
438 342 1691.527161
439 343 1691.527161
440 344 1691.527161
441 345 1691.527161
442 346 1691.727161
443 347 1691.927162
444 348 1692.127159
445 349 1692.32716
446 350 1692.527161
447 351 1692.727161
448 352 1692.927162
449 353 1692.927162
450 354 1692.927162
451 355 1693.127159
452 356 1692.927162
453 357 1692.927162
454 358 1692.927162
455 359 1692.727161
456 360 1692.727161
457 361 1692.727161
458 362 1692.727161
459 363 1692.727161
460 364 1692.727161
461 365 1692.527161
462 366 1692.32716
463 367 1691.927162
464 368 1691.727161
465 369 1691.32716
466 370 1690.927162
467 371 1690.32716
468 372 1689.927162
469 372 1689.727161
470 373 1689.527161
471 374 1689.32716
472 375 1688.927162
473 376 1688.727161
474 377 1688.527161
475 378 1688.32716
476 379 1688.127159
476 379 1688.127159
476 380 1687.927162
