332 171 1633.527161
333 171 1633.527161
334 171 1633.527161
335 171 1633.527161
336 171 1633.527161
337 171 1633.527161
338 171 1633.527161
339 171 1633.527161
340 171 1633.72716
341 170 1633.72716
342 169 1634.327161
343 170 1634.92716
344 171 1635.327161
344 172 1635.327161
345 173 1635.527161
346 174 1635.72716
347 175 1636.127161
348 176 1636.327161
348 177 1636.327161
349 178 1636.527161
350 179 1636.527161
350 180 1636.527161
351 181 1636.527161
351 182 1636.527161
351 183 1636.527161
352 184 1636.72716
352 185 1636.72716
352 186 1636.72716
353 187 1636.92716
354 188 1637.127161
355 189 1637.327161
355 190 1637.327161
355 191 1637.327161
355 192 1637.327161
355 193 1637.527161
355 194 1637.72716
355 195 1637.927161
355 196 1637.927161
355 197 1637.927161
355 198 1637.927161
356 199 1638.127161
357 200 1638.127161
356 201 1638.127161
355 202 1638.127161
354 203 1638.127161
354 204 1638.127161
354 205 1638.127161
353 206 1638.127161
353 207 1638.127161
353 208 1638.127161
353 209 1638.327161
353 210 1638.327161
353 211 1638.327161
353 212 1638.327161
353 213 1638.327161
353 214 1638.327161
353 215 1638.327161
353 216 1638.527161
354 217 1638.927161
354 218 1639.127161
354 219 1639.527161
354 220 1639.72716
354 221 1639.927161
354 222 1640.127161
354 223 1640.327161
354 224 1640.327161
354 225 1640.327161
354 226 1640.327161
355 227 1640.72716
356 228 1641.127161
357 229 1641.527161
358 230 1641.927161
359 231 1642.327161
360 232 1642.727161
361 233 1643.127161
362 234 1643.527161
363 235 1643.927161
364 236 1644.527161
365 237 1644.927161
366 238 1645.527161
367 239 1646.327161
368 240 1646.727161
369 240 1647.527161
370 241 1647.527161
371 242 1647.727161
372 243 1647.727161
373 244 1648.127161
374 243 1648.927161
375 244 1649.127161
376 243 1649.927161
377 244 1650.127161
378 243 1650.527161
379 244 1650.72716
380 243 1651.527161
381 244 1651.72716
382 243 1652.527161
383 243 1652.927161
384 243 1653.327161
385 243 1653.72716
386 244 1653.72716
387 243 1654.527161
388 243 1655.127161
389 244 1655.327161
390 245 1655.92716
391 246 1656.327161
392 247 1656.72716
391 248 1656.72716
390 249 1657.127161
389 250 1657.527161
388 251 1657.72716
387 252 1657.72716
387 253 1657.92716
386 254 1658.327161
385 255 1658.92716
384 256 1659.527161
383 256 1659.527161
382 257 1659.92716
381 258 1660.527161
380 259 1660.92716
379 260 1661.127161
378 261 1661.527161
378 262 1661.92716
377 263 1661.92716
377 264 1662.127161
377 265 1662.527161
377 266 1662.92716
377 267 1663.127161
378 268 1663.92716
379 269 1664.727161
379 270 1665.127161
379 271 1665.32716
379 272 1665.527161
379 273 1665.727161
379 274 1665.92716
379 275 1666.127161
379 276 1666.32716
379 277 1666.727161
379 278 1666.92716
379 279 1666.92716
379 280 1667.127161
379 281 1667.127161
379 282 1667.127161
379 283 1667.32716
379 284 1667.32716
379 285 1667.32716
379 286 1667.32716
379 287 1667.527161
379 288 1667.92716
379 289 1668.127161
379 290 1668.527161
379 291 1668.92716
379 292 1669.32716
379 293 1669.727161
379 294 1670.127161
379 295 1670.32716
379 296 1670.727161
379 297 1670.92716
380 298 1671.92716
380 299 1672.127161
380 300 1672.127161
380 301 1672.127161
381 302 1672.527161
382 303 1673.127161
383 304 1673.727161
383 305 1673.727161
383 306 1674.127161
384 307 1675.727161
384 308 1676.127161
384 309 1676.527161
384 310 1676.727161
384 311 1676.727161
384 312 1676.92716
384 313 1676.92716
384 314 1676.92716
384 315 1676.92716
385 316 1676.92716
385 317 1676.92716
386 318 1676.92716
387 319 1676.92716
388 320 1676.92716
389 321 1676.92716
390 322 1676.92716
391 323 1676.92716
392 324 1676.92716
393 325 1676.92716
394 326 1676.92716
395 327 1676.92716
396 328 1676.92716
397 329 1676.92716
398 330 1676.92716
399 330 1677.127161
400 330 1677.32716
401 330 1677.527161
402 330 1677.727161
403 330 1677.727161
404 330 1677.727161
405 330 1677.727161
406 331 1677.727161
407 330 1677.927162
408 331 1678.927162
409 332 1679.32716
410 333 1679.32716
411 333 1679.527161
412 333 1679.527161
413 333 1679.727161
414 333 1679.727161
415 334 1679.927162
415 335 1680.127159
415 336 1680.727161
415 337 1681.127159
415 338 1681.727161
415 339 1682.127159
415 340 1682.527161
415 341 1682.727161
415 342 1683.127159
415 343 1683.32716
415 344 1683.32716
415 345 1683.527161
415 346 1683.527161
415 347 1683.527161
415 348 1683.527161
415 349 1683.527161
416 350 1683.727161
417 351 1683.927162
418 352 1684.127159
419 353 1684.32716
420 354 1684.527161
421 355 1684.527161
422 356 1684.727161
423 357 1684.727161
424 358 1684.727161
425 359 1684.727161
426 360 1684.927162
427 361 1684.927162
428 362 1684.927162
429 362 1685.127159
430 362 1685.127159
431 363 1685.127159
432 362 1685.32716
433 363 1685.32716
434 364 1685.527161
435 365 1685.727161
436 366 1685.927162
437 367 1685.927162
438 368 1686.127159
439 369 1686.127159
440 370 1686.127159
441 371 1686.32716
442 372 1686.527161
443 373 1686.727161
443 374 1686.727161
444 375 1686.927162
445 376 1686.927162
446 377 1686.927162
447 378 1686.927162
448 379 1686.927162
449 378 1687.32716
450 378 1687.32716
451 379 1687.32716
452 379 1687.32716
453 380 1687.32716
454 380 1687.32716
455 381 1687.32716
456 381 1687.32716
457 381 1687.527161
458 381 1687.727161
459 381 1687.727161
460 381 1687.727161
461 381 1687.927162
462 381 1687.927162
463 381 1687.927162
464 381 1687.727161
465 381 1687.727161
466 381 1687.527161
467 381 1687.527161
468 380 1687.527161
469 379 1687.727161
470 379 1687.727161
471 379 1687.927162
472 379 1687.927162
473 379 1687.927162
474 379 1688.127159
475 380 1687.927162
475 380 1687.927162
476 380 1687.927162
