476 380 1687.927162
476 379 1688.127159
475 378 1688.32716
474 377 1688.527161
473 376 1688.727161
472 375 1688.927162
471 374 1689.32716
470 373 1689.527161
469 372 1689.727161
468 371 1690.127159
467 370 1690.727161
466 369 1691.127159
465 368 1691.727161
464 367 1691.927162
463 366 1692.32716
462 365 1692.527161
463 364 1692.927162
462 363 1693.127159
461 362 1693.127159
460 361 1693.32716
459 360 1693.32716
458 359 1693.32716
457 358 1693.32716
456 357 1693.527161
455 356 1693.727161
455 355 1694.127159
454 354 1694.127159
453 353 1694.32716
452 352 1694.127159
451 351 1694.127159
450 350 1693.927162
449 349 1693.727161
448 348 1693.527161
447 347 1693.32716
446 346 1693.127159
445 345 1692.727161
444 344 1692.527161
443 343 1692.527161
442 342 1692.32716
441 341 1692.32716
440 340 1692.32716
439 339 1692.32716
438 338 1692.32716
437 337 1692.32716
437 336 1692.32716
436 335 1692.32716
435 334 1692.127159
434 333 1691.527161
433 332 1691.127159
432 331 1690.727161
431 330 1690.32716
430 329 1689.927162
429 328 1688.727161
428 327 1687.527161
427 326 1686.527161
426 325 1685.32716
425 324 1684.527161
424 323 1684.527161
424 322 1685.32716
423 321 1685.927162
422 320 1686.127159
421 319 1685.727161
420 318 1685.127159
419 317 1684.527161
418 316 1684.927162
417 315 1685.527161
416 314 1685.927162
415 313 1686.32716
414 312 1686.527161
413 311 1686.727161
412 310 1686.927162
411 309 1687.127159
410 308 1687.127159
411 307 1687.927162
410 306 1687.927162
409 305 1688.127159
408 304 1688.127159
407 303 1688.32716
406 302 1688.32716
405 301 1688.127159
404 300 1687.927162
403 299 1687.32716
402 298 1686.127159
401 297 1684.727161
400 296 1683.727161
399 295 1682.527161
398 294 1681.527161
397 293 1680.727161
396 292 1679.927162
395 291 1679.127159
394 290 1678.527161
393 289 1677.727161
392 288 1676.727161
391 287 1675.92716
390 286 1675.32716
389 285 1674.727161
388 284 1673.92716
387 283 1672.727161
386 282 1672.127161
385 281 1671.527161
386 280 1672.127161
385 279 1671.527161
384 278 1670.527161
383 277 1669.727161
382 276 1668.727161
381 275 1667.527161
380 274 1666.727161
379 273 1665.727161
378 272 1664.727161
377 271 1663.92716
376 270 1663.127161
375 269 1662.32716
374 268 1661.527161
373 267 1660.72716
372 266 1660.127161
371 265 1659.327161
370 264 1658.527161
369 263 1657.92716
368 262 1656.72716
367 261 1655.72716
366 260 1654.527161
366 259 1654.327161
365 258 1653.327161
364 257 1652.127161
363 256 1651.327161
362 255 1650.327161
361 254 1649.527161
360 253 1648.927161
359 252 1648.327161
358 251 1647.527161
357 250 1646.927161
356 249 1646.127161
355 248 1645.527161
354 247 1644.927161
353 246 1644.527161
352 245 1643.927161
351 244 1643.527161
350 243 1642.927161
349 242 1642.527161
348 241 1641.927161
347 240 1641.327161
346 239 1640.527161
345 238 1639.527161
344 237 1638.927161
343 236 1638.127161
342 235 1637.527161
341 234 1636.72716
340 233 1636.127161
341 232 1636.127161
340 231 1636.327161
339 230 1636.327161
338 229 1636.327161
337 228 1636.327161
336 227 1636.327161
335 226 1636.127161
334 225 1636.127161
333 224 1635.92716
332 223 1635.72716
331 222 1635.527161
330 221 1635.327161
329 220 1635.327161
328 219 1635.127161
327 218 1635.127161
326 217 1635.127161
325 216 1635.127161
324 215 1635.127161
323 214 1635.127161
322 213 1635.127161
321 212 1635.327161
320 211 1635.327161
319 210 1635.327161
318 209 1635.327161
317 208 1635.327161
316 207 1635.327161
315 206 1635.327161
314 205 1635.327161
313 204 1635.127161
312 203 1635.127161
311 202 1635.127161
310 201 1635.127161
309 200 1635.127161
308 199 1635.127161
307 198 1635.127161
308 197 1634.92716
309 196 1634.92716
310 195 1634.527161
311 194 1634.127161
312 193 1634.127161
313 192 1634.127161
314 191 1634.127161
315 190 1634.127161
316 189 1634.127161
317 188 1634.127161
318 187 1634.127161
319 186 1634.127161
320 185 1634.127161
321 184 1634.127161
322 183 1634.127161
323 182 1633.92716
324 181 1633.92716
325 180 1633.92716
326 179 1633.72716
327 178 1633.72716
328 177 1633.72716
329 176 1633.72716
330 175 1633.72716
329 174 1633.72716
330 173 1633.72716
331 172 1633.72716
332 171 1633.527161
